14.5143864625842 17.3527739714828 22.0648687500986 27.0752363031951 33.1180565858683 40.0263719549903 48.093841057736 54.9064220412706 62.0894308937397 67.9679046650583 74.3743694875172 81.2915471118612 85.5730084061616 89.0110467100905 91.8717113193493 95.2870488405058 96.6350946022572 97.4700873541315 97.6648550128556 98.1101716396524
12.507327085029 16.7238289273766 19.9715556105144 27.3439085239671 32.7863651966485 39.7279936628089 48.1276355915939 56.5374612185174 64.6289490685789 70.4832752251666 74.9654156080851 79.2471757517144 82.6197390958545 86.9212189470332 91.9002708502439 92.7050269991307 94.8730332083979 96.9727912114755 97.6373497403763 98.4393167729281
13.3382875896206 19.0110043983534 21.8569597082264 25.567961235788 31.0199555535583 39.3405717889274 48.4576551222877 56.7995307230154 63.4850399249573 67.6571278811763 73.3499859858279 79.7516620139317 82.9339296616048 87.2521353128188 90.0293558610018 93.3777091710887 93.6786414803469 96.5212834309556 98.4194530899169 98.3138264405809
11.5768963226096 15.1126182339049 20.4041527851871 24.6576341508199 32.132736681872 39.3696859625954 47.3843882312014 56.1785424689627 63.9178338774757 69.4055872785085 75.9551290703045 80.7254393026778 83.8432232554421 87.9045137332347 93.0310380298562 94.1156967766117 95.8737522438092 97.5334350475782 96.4455617278734 98.3625193057836
12.915418097963 16.3312159823527 20.8846392425573 26.3886460475799 32.0904891068631 39.9674362376976 47.3717442552064 55.1561546807713 62.3811114469455 69.3082289969286 74.1604946266082 80.4731143199318 86.0854206062292 89.6418906397658 93.077168104269 92.9769890733508 94.5721920122848 95.3073796119411 97.5207028654604 99.4951922930551
13.2508248719598 17.2372417083336 21.8016604443721 28.2953946499704 33.0472602544231 40.8204975818919 48.6599454051754 57.286249471792 63.6064291042682 68.9477307755871 75.2883410038683 79.8479801089027 83.526909266874 88.3416639952034 90.3256353143768 92.2605935118442 93.8632446783795 95.0690624769475 96.4843012595613 97.4748088486158
13.8082542415272 18.1032251400692 22.5009747275098 26.7678209971365 33.6106638308425 40.5895031964168 48.2037413961237 54.6921790424018 62.5320702834386 69.2999744190411 74.6317218077072 79.2822957864462 85.6494725006841 89.4458014998065 91.5106809005268 92.6626131040704 95.2066340106275 97.3034985925787 98.0033767993898 99.5438834616769
12.8413490653753 16.2386860570274 21.4881154168025 26.4688600016045 32.522683161537 39.507566985068 48.6857952518997 55.8878641176584 63.6783855177862 68.6330442740168 75.0100022656981 80.4731264079354 84.6530493502948 86.4150170668626 90.7006508651181 92.5688403556227 94.4318790646363 94.4524772031472 96.0272284433641 97.2086173920062
13.1635581768255 16.0285730596785 21.621133806719 28.2451740976431 34.4540865359773 40.8926463297952 47.9998726861993 55.4738979258642 62.694664323284 68.9501745041059 74.7775861537748 78.4633876429508 85.3426646872165 88.9786356596926 91.0721163132571 92.5913499057708 93.8989710344622 95.4585161903843 96.4303053521084 98.0787276696913
12.6582755235453 16.430343304185 21.9902152816579 27.4491010926381 33.1026346621262 41.5178784423552 47.9762119262023 55.856637741421 64.1855284668498 69.7664068453492 74.8715331110416 81.595793317959 85.8910265747599 89.4061800186234 91.6313255406903 94.7277522535025 93.8094440629209 93.4860076339821 93.7134683297683 96.0682502851527
13.7953618274814 15.8713187417197 20.539481595037 26.4069733569249 32.3998212459147 40.194313841719 45.6355326461652 54.0697949343313 63.42358868009 69.0967556940502 74.8203895284989 79.7690809135856 84.8458770082372 88.3753807750476 89.7781184298836 91.8172853819613 94.566818533951 96.1423992182315 96.479658731883 96.2391206984717
14.1909802360898 17.7097232097821 21.5921754986512 28.4350469807288 35.424490195223 40.2275128304392 47.3928713930088 54.3334795156694 62.9218452178749 68.6466761514182 72.1022790863922 78.3718588156983 84.0576720659972 87.6162891918483 90.5929218067176 93.330873226012 94.7986911440705 95.9940051563042 96.3585731898968 96.6008887010458
12.5026348170491 16.5641599216791 22.9692832498794 29.0868397453238 33.1949368628063 39.2593728754215 46.0087504549619 54.3750439540704 63.8022369602814 69.335713372981 74.3747230483589 79.3983047956095 84.5027961221805 87.620021920208 92.213738423509 94.0607721405898 93.3271393932876 94.9342673882027 97.4173621962535 97.8239182434543
12.6070099564804 14.9414903202115 21.7162137758013 28.6336130573199 33.9374183718687 39.0259784049079 47.1720203317428 55.6016362398569 62.740795672404 68.3185028775478 76.2378497855474 81.1273829814178 84.5290125792927 88.4494953225472 90.5056818447084 93.519451658278 94.9234377620023 95.8311276923082 97.0918541417491 97.4456382003408
12.1567485405607 16.8020686943619 21.9079511419078 26.1846079888644 33.1377866890156 41.7747162085801 47.2900603502419 55.0680615237216 63.1572498316325 66.8856693011867 74.630869530953 79.4749015637363 82.21416359931 87.7032979727835 91.4975567313083 92.5524301186452 95.7796385657826 96.2765616194231 97.0408601048381 98.9648844668593
14.5544245607498 17.6062287981621 21.5173760284917 26.8459100003402 33.2077933586823 40.7484091373661 48.7459267497759 53.9557028532616 61.064371525557 68.0338814662827 74.8025487253267 79.2741294691194 82.5241613411779 87.0673829189383 91.4324173715005 93.7533687221274 95.6424466495388 96.8867825114377 96.8781190922483 97.6413858266844
13.1274693257597 16.1657954627124 20.3890146599814 26.8945684780966 33.062611309712 41.6021958674518 48.2180988294274 55.6675784277654 61.9532845443959 68.1299709704135 74.8092615866182 78.6276577002779 85.2041074525842 88.7533893180061 91.6480801941856 93.6106703788853 96.1125305662021 96.6220438518354 97.4132532885978 98.9025103784918
14.5983109670383 18.8294971196591 21.1352938198693 25.8882759250712 32.6186841830208 39.5673495779505 46.4383804476167 53.7635329810787 61.4901807892033 68.2452708392987 74.2773954527908 78.2042373427544 83.4879744593586 87.8771010042955 91.1981682900723 92.9362774016415 93.3570354650857 95.8110630402591 96.1169118198339 98.3864508694048
13.7864624445327 17.4950308935099 23.716904840358 27.2617825413784 33.3103435665512 41.4737053860713 48.6317373025609 57.7011255134162 64.8906223065475 69.8405894448268 76.0767265156733 81.7060107935745 85.1389494417607 88.9588165860272 92.2718600046025 93.3158127654023 93.8643984810927 95.1560047530901 96.0563080870401 97.5434069216498
12.2396533849248 14.987605753517 20.3765869435473 26.6924806426254 32.1797039162795 39.0227438032175 45.7062281270729 55.708812082325 63.2945081901626 69.1157809649944 75.1544150727698 81.1084997203193 83.9629174241661 87.4680882386538 90.5545468425788 92.5180874214933 94.1034718252247 95.5842826096532 95.5326772287456 98.4515961357407
12.826789467711 15.6640601972565 20.9428665134758 26.7360728971752 33.0560762679836 39.6251509824256 48.6160354681968 56.3370993543306 62.5426303591495 70.2847976812321 75.1219781991614 80.8326264951115 85.8097567609699 89.6426585406052 91.4358035073133 93.4437802266776 95.3618514900857 96.1935683339263 97.5920330461277 98.0150526995624
12.3133527282951 18.3128809077996 23.2463278802909 29.2541973014027 33.9320663984741 40.8071987556875 48.6015557663082 56.8901979633047 63.7655499134315 69.8933196989522 75.9994478598873 80.5849825829302 83.8819121731424 88.7989855523207 91.4263220356622 93.2490604122229 95.3486020117842 96.7834480119032 96.4683923870444 99.5408849285086
13.0924972447725 17.8451102228335 21.8352769397286 27.9597433826915 32.8279842255757 40.689214928846 47.1427682070014 52.4576528272462 61.7294339007705 68.6335344713191 75.3478969400056 77.4311914190707 82.2847131634471 87.2030422371326 89.7011694008502 91.4597851620285 93.652014535123 93.0761254591586 95.7205217502686 96.5654504345623
12.2324619781504 14.8240386309877 20.417998131606 26.8489671441316 32.5476177589419 39.9017196729335 46.6855399608571 54.6650756693389 61.7602357010852 68.6634200999442 74.9167226395676 80.8132821523113 83.9891204244278 88.2239282208655 91.2621047863537 93.5726691213723 95.4276715281881 96.88473033655 97.3726124842905 97.0062678997643
11.5696012944538 16.6861547313649 20.5871018887378 25.4755394083353 32.0367039095727 38.8587823360902 46.5941235266319 53.9571347985818 61.7296719683328 70.7657384839 77.0870060464436 81.2706298394679 84.1503628580724 88.5176249256286 91.2463119474568 93.2016782982133 95.7936474547316 96.8896763907683 97.1283251266312 96.2373167522901
14.3807390888015 16.5897463006554 21.7276030185431 27.9495668568996 33.2619812158724 40.5347327180996 47.8970022414793 56.2675325466082 63.0286855377643 70.7517921052198 74.1559640134772 80.4128214031825 84.5068959432324 88.8667765656114 90.5065097307374 93.7688136867197 94.5582985906927 95.7244058648315 96.8617886249209 97.8850170169294
14.8442552589552 18.8710764450861 22.1289005013738 27.5488369352228 33.6822332774647 41.3641749887074 47.5818301837998 54.7258992000115 60.7702599614204 68.8958143292077 75.6363305081042 80.3282264640843 84.2440665152188 87.5576210232048 91.1739457291233 93.5006203853033 94.6101473061869 96.4721448010066 95.87201805023 97.3232416146225
13.1343070086265 17.3160292013489 19.9738210294609 27.3474491967809 34.2453439118983 41.557426911762 49.4355527334687 56.8916846325736 63.5154584582352 68.2512885948111 75.9796369211013 79.394135231792 84.3121969781627 88.5877032999326 92.9718300536709 94.1411175967516 94.8348944223565 95.6044952028933 97.6686449973052 97.1753462786668
11.3119435331984 14.8800331505787 19.6022499861823 27.4093868209371 33.2699450958375 40.7817384650505 48.3439643816118 56.0002863196528 63.2017342996059 69.3685256985137 75.6249003355407 80.5155861509915 84.6226823664116 88.1908420995616 91.3775356613371 93.962962527036 95.3048780024068 96.0376629182145 96.1853754161927 95.5267436066908
13.5919001421777 17.9891345852495 22.3830944259932 27.712746247022 32.6586025927699 39.786085631016 48.9349505371171 54.8392578529551 62.6934936219642 68.1429467462957 74.5705610658561 81.064956393574 84.5410546047383 88.5655239275681 91.0090876546238 94.7674637351434 95.3355670608006 96.6197953591783 100.578242689059 99.4817972125527
13.874039779752 17.121425207263 22.5095026249986 27.3354578791231 32.7316627512405 39.7682576247103 46.2424074222779 53.4905013351384 60.9548446478334 68.2956277831614 74.3030331943131 78.9503152745837 82.701735768823 87.3586088678535 91.7158010483017 92.0749724935739 93.2487106278165 97.0046922192004 96.6453280618879 97.7973843655547
12.4996830422149 17.497093251609 22.5932746570218 25.9398044151723 32.907776250106 40.2442754747306 46.0622427624049 53.8953600336951 62.5973141597762 69.534559860265 76.7183039359973 82.1268103423306 83.4888459416513 87.3733218583906 90.1056446229287 92.0829531721765 93.997001023391 94.6881542893581 96.3126762598788 97.356895216786
13.3966961079516 16.4434698091073 19.1596220131448 25.7249534685649 33.08360432327 39.7233953630745 47.4824352001369 55.0701376546652 61.2390678716068 66.7740926083397 73.4905584242144 78.6980680757699 83.4156798701373 87.960666365667 91.5218273394514 93.2964875133723 95.3187952118394 97.0727894248828 98.5406513792636 98.8625286032921
10.0937505527869 14.6275598514574 21.0437083816864 27.981429105339 33.6837207906957 39.786016291674 47.0767251297185 55.240773769073 60.6069372227101 67.882781712258 74.1711880363914 80.7451464335066 83.3721539792899 87.7693877270648 90.4663063196138 93.2582227460986 94.3999039637743 95.8984017418247 95.386891211166 96.7878825764807
12.1594297573108 16.739848063611 21.6643641867196 28.5752761123967 33.0756751325203 40.038675652142 48.3148791941655 55.9288058963272 62.2764822899138 69.0561041593864 72.9800759140104 79.8795733931552 84.3782586473553 88.3172341953425 89.6807012058157 93.6909168366987 95.6487611834986 95.839948137857 97.8321477845541 97.430616946194
13.1885113319267 16.6154662630021 21.7726502300009 27.2946509356356 34.7751202666008 41.0287396180399 48.1579825895753 55.2299677637357 62.509296501405 68.689752411595 75.2808387974993 80.7096110692934 85.3188230607399 89.2727375357966 91.8084960598178 92.8055927025324 93.7041899117787 96.5345588464589 96.9198394594647 98.5910659187269
12.1139475121767 16.091603876656 22.3082613492168 25.065474118577 34.1782279554947 39.9914253281561 48.0766299056515 55.0500181502526 61.4205096997518 68.1509068495653 74.2874238378692 79.6268720548423 84.0741510267355 89.1358151560586 90.8747771175155 91.6324824363602 94.4040985182012 94.7638939934521 96.230044825644 97.9932328396784
13.9329234071259 18.8318084822466 22.8775662132564 28.3940748270622 33.5468205860567 41.8106289038222 48.647804683839 56.0567217129541 63.7451025027453 70.4043705232139 76.5272917335166 81.4433592831642 86.0634393000211 89.7215925353717 91.9186637995893 92.8403756832846 93.1024691699593 94.6288235183286 96.410594532439 98.4506413465814
14.7817572902501 17.7014171232331 20.2415438279845 25.3719890128499 33.7442447630488 41.3572797278893 48.6665853018261 55.1346706420747 63.1458709880328 69.1395286441923 74.9829127734698 81.5579608593933 84.7575605160519 87.8308050561403 91.2217392384448 94.0123398412934 94.1462895102774 95.9486642576937 96.7988786217824 98.9964451344576
13.8506500073585 17.4977820275655 21.2591687857602 26.9291665172872 32.7331621186873 40.1533048053104 47.1736854870919 54.704557292476 62.9618696588106 68.0373291149655 74.7650436834282 80.4411478867985 82.6864004444279 86.8818148033694 90.3637122957892 92.5614612458723 93.9839026613461 97.3405703330103 99.2489784639956 99.8896174905737
14.4531129784301 17.3527769564951 21.0427794886834 28.0138170678353 33.7895778691531 41.2714256468821 46.899669114175 54.4454032019784 61.2742816860315 68.7809721277983 75.555899934288 81.9410357894478 88.0751050623297 89.1034297091801 91.285950491309 92.7814525419746 94.3874434621272 95.1026597111128 97.1798129151491 97.2707662590857
14.6139135646637 17.3921545652531 21.386072608082 27.6017184550588 34.6268920716913 39.406701499041 46.2125387649285 54.1306097125119 62.5228580786317 68.7982932044589 74.7508570835539 80.9042789981479 84.5955188433528 88.5923375750813 92.9200097921511 94.4011112511973 96.1040331701292 97.6049229790335 99.448683125498 99.0707799897107
13.0932305368892 16.9363177968908 21.928722287048 27.4189402210316 33.7461417136195 40.0733550815402 47.9233439111725 54.7904729169764 61.6526899359652 70.0572153180478 77.2131417132474 82.5033527645904 85.5769207329332 88.9359803630959 91.3045321548987 91.3437545416308 93.8205546051233 94.8774208544091 96.9782241314653 97.2573328159052
13.2323663343312 16.5010471612148 19.7570549293985 27.1575648470941 33.2494844500255 39.8698087643871 46.7123494958392 54.5801548102171 61.4305694387283 68.6303459710079 75.8055502497479 80.7058672491497 86.3901538020522 89.1480563801897 92.5293482354345 93.7326952776861 95.4837062412921 97.152581457441 97.4974094052703 97.3202152942977
12.9524210749427 16.7621516011601 21.7881215729299 26.6472943536656 33.4075666580344 41.702304419415 48.1772459069357 54.2130276548029 61.6187722855823 67.1214414171838 74.3921741361419 79.7011845316395 83.4291232208271 86.9988295015032 91.4864351466599 94.102428250589 95.5429622663028 97.7027703969037 97.2861936278978 97.2469043161928
12.0608007684418 17.2682315964241 20.7337765124895 27.2345164944156 33.8940187953967 41.6204086749896 48.5694348112025 55.1813592614595 63.2208827819706 67.6216472019375 73.996079682103 80.3850881970279 84.5105599761015 87.5562224957843 89.3273930214652 92.8512849288639 93.1695837292104 95.8809668414586 96.4525972506698 98.4920113272202
12.6197021507418 15.8870039779786 20.1135990330634 27.3160108917215 33.933294570837 41.1445923305622 48.7663377991218 55.2197657187805 62.858994071403 70.1423766120079 75.3658151463886 79.3045619780257 83.8041049583543 87.9888792593566 90.5809544128369 93.4887420004831 94.8927734030655 95.5531354975271 96.11675652606 97.6461052574962
12.412694864372 16.4246477442788 20.7738186989858 26.8615016037184 31.3312957845205 39.1411480224928 47.494049108901 57.1715197495477 63.3915460179676 69.5552121747193 74.7111586771067 80.6608111187548 85.4968125248112 89.0430278169823 91.3661925525898 93.415577143742 93.5697004622824 96.1584695416055 97.1371878163219 99.3215226087691
13.7496105789802 16.5605492890194 21.8211379090055 27.4569332007612 33.7460205010776 40.0707365026244 46.6581990906795 55.2446302953949 63.0226308190752 69.0820574998687 75.501819584076 80.6659657916175 84.770312417546 87.166914028837 90.8966663273394 93.485046199338 95.4220001283541 95.0745898763761 96.0784212335316 96.6444589012707
12.6434702692356 17.5864868779323 20.9290388696444 26.0013745721553 32.5062512103801 40.2032105593534 47.8306827564445 54.0216666944412 61.9802864754415 70.0075018165796 75.0704178126791 80.7650179475819 84.5388627369716 87.1387973635021 89.4569245810398 92.8617510763997 93.1329466617165 95.569365463126 97.9637521813949 99.4253201847414
14.2166481394696 18.1867354390785 20.6785805568764 26.3271875508046 32.8895452975646 41.1176381052839 48.3078066698187 55.1164562889458 61.2175483677668 69.6509613337313 75.3308009394958 80.305169711933 84.4722484827437 89.4259323803999 92.1570450893877 94.7469449641207 97.1290678722355 98.7144876480378 98.0805144558062 97.0368600132692
13.4124976648144 19.4112236391952 22.6289214445404 27.40902596668 32.5378951525122 39.2577063892932 46.2001332544423 55.3152037744936 61.0594304320214 67.4493222692431 74.5117821962918 81.3780684635131 86.5629010998093 90.1830222590731 93.0335205129782 95.4752807934742 97.2591655974229 98.2690561767945 99.3409987573825 98.1337393379827
12.4378249172443 17.1503115614411 21.968159548938 27.3997920367388 34.6569387496601 39.8456400392954 47.6066312268675 55.7848305135223 62.9737067499552 70.6312214529038 76.5842786253241 80.3608411944948 86.0793682772465 88.4328937880459 92.0977286625348 93.6148891073134 96.9937559283061 97.0935565823902 96.6323973581034 97.9115195360065
15.5819536507118 18.2845761178425 22.8154314400635 26.8855142553688 34.6356514303896 40.0992463345389 46.9641134964149 53.8350768729463 62.2497289406399 69.8344754605189 75.816963768506 81.1411923770011 86.9457713881383 88.9862236807235 91.5834537180163 93.6709675621456 95.5259578288377 97.49947982206 96.0597580895439 96.9355449898883
15.0162051314757 19.1354648287857 22.6602194352268 28.3384650035737 33.8784868504037 42.2250142763933 49.9334858501349 56.0927595803465 63.5250432015915 69.3037439870881 74.8675723620003 80.364652055065 83.6244119052829 87.2906414891611 91.2325410144004 92.6426821223504 94.7294609235932 96.0945113801933 96.7032271366276 97.8457838404485
11.8406688041527 16.1117299591196 23.318411897213 27.5016025354785 34.3190722535019 40.0498342172274 46.8973329501353 55.607686752927 64.1840573118591 72.1535582723173 75.6381953724695 80.6927248554602 84.372154629433 88.6604011392949 91.9444334942856 93.3862484263107 94.9704244532119 97.2309552536976 97.4659255028535 99.1872396685862
12.1078473088367 17.0648901496495 21.6689728887663 27.1469121902079 33.4263127642204 40.7075176893375 48.5681911462609 57.2261545895469 63.4398537610882 70.6953242385593 77.0349004630509 81.885388647156 85.5991801936056 87.7666953489088 90.0962194749597 92.2788788528045 93.9049073754457 94.9668583037037 94.9896899289229 96.2843961491833
14.692411911976 18.0539202352833 22.7541772188835 27.2142772583958 32.9534360708877 40.7871750275852 47.4414893803863 55.8661685836753 62.5843160037607 70.3172832406445 76.6333771719074 80.8442596066587 83.9655474193342 87.3707971635354 90.4533402697964 93.9248723735193 93.9665872945684 95.2883990234092 97.5512241234256 96.6543383910459
12.9921259030858 16.5379659977357 20.3492768414357 25.5110130035729 32.8819488587661 39.3872831762845 48.6792047900654 55.9001951341065 62.6608088643083 68.7005567651517 73.8737462582682 78.0672728290179 82.4871685502507 86.7945763370962 88.2040786556959 91.4731145650759 94.9751104208726 96.4457201674272 96.9951165063573 98.5439869211661
13.690806574646 17.1441742412818 22.3928565875773 28.9644942708371 33.8529747622832 39.4493304139903 48.4184862760323 55.0703586684376 61.6594860484445 68.3951410765954 75.9861707297509 80.2681403192176 85.6390503450257 87.8141933649365 90.8010996943381 93.4178005745205 94.0839232160353 96.3005672361745 98.879565506314 98.67289356408
13.5608401042244 16.9279143202098 21.557113985924 27.4152340655252 31.6578826850863 38.9498815346523 45.7045226735746 53.9080912100616 60.7768538205572 68.204503136214 74.0050594876989 79.7913493753203 84.0952303101839 87.0001381212048 89.7135551192511 93.7763789530961 95.4168167426361 96.0482219209328 97.3844162645028 98.482010906905
12.9204376488044 15.3855507232656 21.5498085800739 26.1901274567694 32.9587611324218 39.6186502551818 47.1741112456531 55.5814591135938 63.7720858779957 68.6581049467761 76.0337707978971 80.8899747613546 84.2466849976703 89.79517332499 92.9447558195104 94.7538803102363 96.3835141967194 96.3211081605326 97.2959220152809 98.3968597320705
14.0793219041221 17.0559500346121 20.7754754194095 26.0477180485396 32.3510449165515 40.1647184946204 47.0497831173123 54.4849056544016 61.0891389015725 69.7302798569891 75.8630953520124 81.2040306121794 84.4411600523969 87.8960494111939 89.9655127408673 91.3069071416876 92.9541775999914 93.7416138562504 97.55311268182 98.083634640767
12.6227545384611 17.0013970976422 21.5278883109358 25.9109673175341 33.4393249832907 40.3992369809227 46.6018995896583 53.7863266014732 61.4617188688724 70.0131055423795 74.630932818822 79.6330504905932 84.138477169912 88.12133860485 91.7596633301991 93.6248530435038 95.8895926833765 96.961471297865 97.2989915358335 97.0719004998477
11.1896475828516 15.1046589167696 20.6713764966575 26.0830755870622 33.3658522793261 39.998555195953 47.2981264401161 54.1308670862388 62.4175906998038 68.8981753351004 75.8049310387083 81.5382535518745 86.0219344849559 89.1891388288406 89.7314619610428 91.7378814723451 93.9239153570894 95.9497339610458 97.4726149911437 98.4034794963402
12.85722084724 17.8569625332975 22.4928586928185 27.5379397665101 32.9406510525788 39.5374156619368 48.4800588509183 55.7303627533247 62.085782268269 69.4273671999224 73.8703456156563 78.5250556068968 84.6200148300261 87.8893866025022 91.288020298576 93.0210504325793 97.2093023133256 98.9917488509599 100.418499140531 99.9397972778585
12.2093306413922 15.513830430453 21.0647422130859 27.3168706375334 33.1733954071104 40.1441294270458 47.652166510457 55.2339398052535 62.4742965221815 68.2874862639163 74.9480274011151 80.3188024776968 83.5675082299542 87.4236158184959 89.9314317179155 93.7568217180168 96.910000499611 97.6072377235819 97.7836083380853 97.9997538323037
13.7970903914681 17.0968629671826 20.3743916938851 26.356006737074 33.7152716054866 39.9694354781935 47.8639847425305 55.0194561840597 59.9063721035047 68.85392695156 74.5490015155877 79.9471354147826 86.3710886526765 88.0279562601385 90.6568868181997 91.9094423168547 93.1747451240044 94.7942699995833 96.5593642293897 97.8724571024052
11.4909748602244 15.9112540893486 20.7000866589802 27.5235362665551 33.6791150243924 39.6874311898374 46.3936327884183 53.5445010537619 62.307248235796 69.8549260858857 74.9110198308153 80.1792025088815 84.6867598302788 88.6410423747445 90.924427974286 93.8465139382179 93.86893225684 95.5272254246279 97.4649294658838 99.1299167549204
12.7806145661398 18.1463859821414 22.2308130326964 26.234844175782 33.5272595780868 40.9671031543606 47.2812539962049 53.8281291644668 61.2517829233822 69.9435458739974 76.0885198268886 80.344768912952 85.4825545351394 89.1967856666128 91.285617635007 93.2881479227643 95.2321258897631 96.1275314873809 96.3594182679652 96.384128556702
14.0465498221772 16.9942368982385 22.150244137863 28.8740199812396 33.6537257165466 40.4377643516985 48.6036023366254 56.1038573235327 62.7153883430924 68.0452917477872 75.5766366648244 81.6005429423087 84.7174595228083 88.4200687192326 92.8135830478839 93.4180844416839 95.1569580518644 95.7325365205234 97.4431720689117 98.1749119466318
13.3530659426412 17.167419318876 21.8985803740231 27.4017653433123 33.775838611435 41.0674447558897 47.3794773334915 54.6771188024912 60.9586477673227 69.123660468337 75.3224976189025 80.8868742179096 84.675135136509 87.4013307917239 90.7046729554105 92.6570372843641 93.4616609411362 94.7132471702945 97.8395360689646 99.0769562030514
12.8741503924436 16.6944624889221 22.6641170155778 27.0668389092944 33.7865228425655 40.6236054131868 48.4497283376869 53.5531752891227 62.7568645014933 69.105637320745 76.304791605412 81.2737725726576 83.4403395912458 86.8703929203587 90.9199994022154 93.8475749207942 94.3922172490068 96.166960868132 97.5876682792245 97.044457553632
13.4648758743314 16.6551110092885 22.3234429625936 27.8444226081207 33.9045872013422 40.7155833007363 47.8539368493414 55.5290037036928 62.1042165033251 69.5140939993606 75.3222383981838 80.6977330648607 84.5389426647888 87.4551107769254 90.2394606042109 91.4655149159687 94.8314051381541 96.3063817511661 96.4055937968246 98.7801950964511
11.7248514755582 15.940362130204 19.9963900959186 23.8859517780531 32.4587991369261 39.2014824712169 48.52715041586 56.0232012251838 61.726003709347 68.9600948004857 75.7263036795085 79.5208243100257 84.7319698793836 88.3272327822661 91.2547394972624 93.3039423938965 96.0624283303211 95.8539274350147 96.6648160861387 98.3180661282282
13.4095844791542 18.0669547131787 20.5269646249191 26.6619657489097 31.4783682367026 39.2709847912623 46.8380937212132 54.8864828672544 61.9851347389618 69.2546164134276 75.5850016981531 79.2815866992484 84.2222413337184 88.0480551569829 90.4736880644433 92.618623569696 93.2466405303224 95.712038149423 95.7079002562314 97.7698836042816
14.4379866050248 17.1799234352603 22.0121960146492 25.6865369491955 33.4975295941115 39.5163585790527 48.1289098779176 56.4251107487966 63.4595427557686 68.4095431279375 73.9153140293831 81.3436988013628 85.9847963170489 88.7979955680551 91.9369294453518 93.7498871449272 94.3304384357153 96.9839615449334 95.9267849859508 97.6171514007762
11.8248569797549 17.7308863712666 22.1603236994835 27.4845363359982 33.4684222129552 39.5350089581588 48.9162793602964 56.4808382803933 61.9933609078453 67.8651522409873 75.3687645173208 81.0090427990105 85.9701966360674 88.3958946554761 91.3004775180233 91.6561772927269 93.3264110078734 94.4601306461218 95.7277851308431 96.6825500270167
11.8022416271084 17.0660561019522 22.4706828282348 28.0205550354735 34.8864539992469 40.7460325550177 47.9746635331227 55.3253342092975 61.6970241266546 68.9988498320035 73.9262727383054 80.3251792788508 86.9672399680474 91.0799824033331 91.9820494615016 93.1892873877078 94.5279260146729 96.6288628066912 96.4319690714007 96.4436951567796
12.0464645937807 17.3825367035857 22.0247205428025 28.2887293901701 34.7644847348226 39.4964146585304 46.609677931514 54.4915782876699 60.8446504417632 68.8037760476603 73.5770117939774 79.7804982130454 84.6114109283995 88.4918805595598 91.1024360147927 92.7169145353926 93.9407326391392 95.9787160277961 97.1925374520379 97.4891163701987
12.2689141169909 16.0987672059339 21.2249867656776 27.5804708608902 33.1399244064751 40.3517404140844 49.245034027446 56.3699294498609 61.6037395458176 68.4173256412952 74.2858633290871 79.6207760281795 83.9362352579332 88.0119229331715 88.804110812681 93.4930562348394 94.1138387377192 94.9899992356608 95.5772787679302 97.895580742815
11.4544874098879 16.8943997794505 21.2869126178203 25.8612528125623 32.470485994461 40.6846771242138 47.5759732000177 54.772336384847 63.1146488797041 68.974829943925 75.2013281399149 79.9300860981539 84.3618097645853 90.2000570883384 92.6622892822216 95.9954467521901 96.209912400609 96.9128285197873 98.6722068408187 99.2642530434216
13.9633122907455 18.7979034397689 21.5643100856828 27.8802956330382 35.0023556263387 41.541178891648 49.599181358237 55.8748387174919 63.3639987824308 68.8089997413404 76.236267794267 80.9638850848184 84.9058873990402 88.4964351479258 90.7401179881779 93.8409619712255 95.9235525854381 94.9606990162819 95.3866065887699 96.2859460055535
12.4200701038749 17.7116943236605 22.7097521813133 27.6535148345474 34.3556120840374 42.5138111521474 46.808126252333 54.4309484859038 63.7284030115269 69.6680615211391 75.5596491705876 80.6050305161897 86.3858841859312 88.6391322916683 90.7692726643645 92.3236931009539 95.6829349082305 95.8355772467523 96.5721968688851 95.9861250448666
13.6731624502492 16.2361294158145 20.2639002450523 25.9599420203597 34.0632651220836 41.0366233417538 46.4284550035401 54.9765540415312 62.3395149457901 69.2514166298285 75.6069001517271 81.5769378629198 84.4464902899525 86.5760715961681 91.2335157808909 93.221585326228 94.7109663003621 97.3927114409275 98.3441296622785 97.9193068025442
13.2855517608205 15.9571734871816 22.1731348903605 27.3961357553867 33.8625668793124 40.8767865635602 46.4699589882065 55.2257345882761 61.8969768088078 71.1401754696399 74.9353972341856 79.5683364858994 83.9767850860567 86.0601974278945 89.8157106178068 90.6650624869309 93.7166488331046 95.3662290265223 96.918981845367 98.6913862248664
12.7319727178993 14.5946883453275 20.4181842791475 27.2502564939638 33.2635312576888 40.2142624803762 47.6233419434981 53.4743105046833 62.3856197255367 69.9088983142288 74.2863928896222 79.6409195063893 85.8714167887968 88.6276340776528 92.5673278641907 93.7203947905911 94.9074200695747 93.5946810553324 96.2185909021081 97.1662688535458
14.6534455134646 17.7467237982821 22.3693757159437 27.9313316974787 34.5677380164029 41.9949944828473 48.5151528716629 55.9792060910845 61.0555833717791 67.605977225878 74.4855775274517 80.1490520099832 85.003528521882 88.8513681898316 91.8752539533152 93.3225265292724 96.5856012214996 96.7008538332568 97.7637285717097 98.2468938846188
13.7644466010213 18.199542724135 21.7251374199948 26.8971782955403 33.9112028292936 40.296645303535 48.6466841814172 55.5902024775599 62.3775663908542 70.1392087302534 74.8042299646661 79.3262755954093 84.1666362227995 87.220662845814 89.8565432541981 91.5825289116109 94.133325815772 96.539724760822 97.2851466936573 98.4782133571272
13.3336554145362 18.0077481003133 21.6147051776308 26.648110505443 34.085642373187 40.6624489520889 47.3767885342601 54.9578707231142 62.4674060899152 69.3524040562817 75.4172091080952 80.155441859905 83.3389213136263 86.824229835707 91.5234811805348 93.1341109493579 96.2412680690254 97.7855552095249 97.2586332637286 98.1549634036805
15.0675855640888 17.6484860055467 21.3129865755133 25.9246189372712 32.6084069173317 40.6991745798784 47.2609555051982 55.3937936743371 63.5397196982408 69.5693219640937 74.9459294964689 79.6882151515493 84.4406551453942 87.7024792488072 91.3553165878825 92.4607562663263 95.9869821231503 96.375672713378 96.2368900017025 97.3205941666442
12.8319908301197 16.687248727806 21.4024331817872 26.932767151855 32.9055918145073 40.6318205630776 47.3397398519122 55.8729659064862 63.3717307854733 70.6815429562092 74.7730185275287 79.25765137679 84.5804094090703 87.9310469091358 90.2102503629781 92.8262880321656 94.3811524057769 94.9239886421547 95.9022968811265 97.2962886579095
14.6365591915323 18.8471840597365 23.4661022691058 28.0111367898201 34.5699606079404 41.1425697369201 47.6331647387744 55.4733469111111 62.3226816600265 69.1416685998842 74.4470159487736 80.7054196789031 83.9037030954232 89.0273956583252 91.8389807661509 93.0828874038499 94.5465642210245 96.0658673832899 97.1283224012398 97.6268810162042
11.7521502267575 15.4015959465181 20.6685127265062 27.742460261414 34.6426281994894 40.9889093409948 49.5213783238368 56.7856631916968 62.9161541910017 69.7865469174594 75.4919868511222 81.5725446652934 85.2016070192255 87.4515861250724 93.3284866456968 94.8328439680007 95.736835833927 95.3853119779516 95.8474435717238 98.0646941534955
13.048638297865 18.4809169748765 23.0005218526168 27.6002657568838 35.2319630618268 42.1855858797294 49.4635302641647 56.0390877707503 63.4006661504039 70.4315799841005 75.9691822535043 81.3862308547247 85.7281469826886 89.2910362493137 93.0293026914728 94.4510232197879 96.4596569161521 97.2112550537666 96.8459951758042 97.7469645639053
12.5186510787507 17.0046018978252 20.9214385027959 26.9449172507544 33.0061627393483 38.8365225370956 46.8399092986187 54.0422986218534 62.7169313987539 68.2381417939678 72.6811070742958 79.5964595202922 84.3686361678316 87.8865019254558 92.164495632289 93.7990913947854 94.3898081032834 96.3762448387518 96.3261240543432 97.4699238048037
14.1592886013507 17.9221079443551 20.5906693438926 26.6404830456749 32.6820871049685 38.8658815002604 47.8291294388985 56.7837368180198 62.2761044301024 67.6444459351349 74.9571080277878 80.4422238248058 84.5041669114381 86.8595353754019 90.9946115527488 92.7120316084252 92.7158469161666 93.5796392627784 95.9591017974727 98.0579207768622
14.25239524903 17.3077130811461 22.2752208539438 27.0841874037121 34.2671930595756 41.6766671974827 48.300744007577 55.4845547858212 62.9570021442961 70.8890251296815 76.5230591502054 81.5897073554811 85.7683938111244 89.3121887683824 91.6605365004413 91.8674686884486 93.6715638852064 94.526066146437 95.4399226074095 97.9155785627687
12.3718918421221 17.0789077628263 21.7272979970595 27.6380300222309 32.7784507025641 39.7338128281577 48.0106414639121 54.7578015087764 61.6010406719183 69.9239078450342 74.8298991791699 81.3493441578433 84.0995571559673 87.8774331159377 90.0584226901278 92.2019626641773 92.8692439082152 92.0477357346469 95.96729754775 97.9405186895311
14.9680186445178 17.9977355146891 23.0173552600983 28.3854030201678 33.453331485542 39.7855463084288 46.3095843047083 54.502736535746 60.1404161538105 67.6996698301173 74.5655209466585 80.5696689452379 85.8356345249987 89.9556262719168 91.824398111535 92.9342685939798 94.1519335762889 95.3034250050415 95.9761103968316 97.2008686551411
